150
3
51 0
39 2
53 0
107 1
186 2
170 0
149 0
137 0
177 2
119 1
93 0
103 2
201 1
115 1
31 0
92 0
190 0
43 2
169 2
94 0
209 0
99 0
180 2
80 2
106 2
175 1
53 0
94 1
105 2
174 0
170 2
207 0
176 0
151 2
187 1
196 1
89 1
201 2
164 1
80 2
170 0
71 0
197 1
59 1
185 0
171 1
158 1
162 1
114 1
168 1
72 0
88 0
184 2
80 1
62 0
38 2
183 2
121 1
107 0
33 1
104 1
195 2
162 1
197 1
128 1
106 0
123 1
162 2
134 2
55 0
194 0
130 1
68 2
202 1
112 1
115 0
209 0
143 2
113 1
46 2
84 0
72 0
113 1
145 0
131 2
195 2
81 2
104 1
46 1
49 2
203 0
164 1
132 0
180 0
58 0
138 1
118 0
40 1
131 0
58 2
